Guia 6

1)a)
x|y|z|
0|0|0|
0|0|1|1 = x'.y'.z
0|1|0|
0|1|1|1 = x'.y.z
1|0|0|
1|0|1|
1|1|0|
1|1|1|1 = x.y.z

x\yz|00|01|11|10
0   |  |1 |1 |
1   |  |  |1 |

x'.z + y.z

b)
x|y|z|
0|0|0|1 = x'.y'.z'
0|0|1|
0|1|0|1 = x'.y.z'
0|1|1|
1|0|0|
1|0|1|
1|1|0|1 = x.y.z'
1|1|1|

x\yz|00|01|11|10
0   |1 |  |  |1
1   |  |  |  |1

x'.z' + y.z'

c)
x|y|z|
0|0|0|
0|0|1|1 = x'.y'.z
0|1|0|1 = x'.y.z'
0|1|1|1 = x'.y.z
1|0|0|
1|0|1|
1|1|0|1 = x.y.z'
1|1|1|

x\yz|00|01|11|10
0   |  |1 |1 |1
1   |  |  |  |1

x'.z + y.z'

d)
x|y|z|
0|0|0|
0|0|1|1 = x'.y'.z
0|1|0|1 = x'.y.z'
0|1|1|
1|0|0|
1|0|1|
1|1|0|1 = x.y.z'
1|1|1|1 = x.y.z

x\yz|00|01|11|10
0   |  |1 |  |1
1   |  |  |1 |1

x.y + .y.z' + x'.y'.z

e)
x|y|z|
0|0|0|1 = x'.y'.z'
0|0|1|
0|1|0|1 = x'.y.z'
0|1|1|
1|0|0|
1|0|1|
1|1|0|1 = x.y.z'
1|1|1|1 = x.y.z

x\yz|00|01|11|10
0   |1 |  |  |1
1   |  |  |1 |1

x'.z' + x.y

2)a)
x|y|z|
0|0|0|
0|0|1|
0|1|0|0 = x+y'+z
0|1|1|
1|0|0|
1|0|1|
1|1|0|0 = x'+y'+z
1|1|1|0 = x'+y'+z'

x\yz|00|01|11|10
0   |  |  |  |0
1   |  |  |0 |0

y'+z . x'+y'

b)
x|y|z|
0|0|0|
0|0|1|0 = x+y+z'
0|1|0|
0|1|1|0 = x+y'+z'
1|0|0|
1|0|1|
1|1|0|
1|1|1|0 = x'+y'+z'

x\yz|00|01|11|10
0   |  |0 |0 |
1   |  |  |0 |

x+z' . y'+z'

c) 
x|y|z|
0|0|0|
0|0|1|0 = x+y+z'
0|1|0|
0|1|1|0 = x+y'+z'
1|0|0|0 = x'+y+z
1|0|1|0 = x'+y+z'
1|1|0|
1|1|1|

x\yz|00|01|11|10
0   |  |0 |0 |
1   |0 |0 |  |

x+z' . x'+y

d)
x|y|z|
0|0|0|0 = x+y+z
0|0|1|0 = x+y+z'
0|1|0|
0|1|1|
1|0|0|
1|0|1|0 = x'+y+z'
1|1|0|
1|1|1|0 = x'+y'+z'

x\yz|00|01|11|10
0   |0 |0 |  |
1   |  |0 |0 |

x+y . x'+z'

e)
x|y|z|
0|0|0|
0|0|1|0 = x+y+z'
0|1|0|0 = x+y'+z
0|1|1|
1|0|0|
1|0|1|0 = x'+y+z'
1|1|0|0 = x'+y'+z
1|1|1|

x\yz|00|01|11|10
0   |  |0 |  |0
1   |  |0 |  |0

y+z' . y'+z

3)a)
x|y|w|z
0|0|0|0 
0|0|0|1 1 = x'.y'.w'.z
0|0|1|0 
0|0|1|1	1 = x'.y'.w.z
0|1|0|0
0|1|0|1
0|1|1|0 1 = x'.y.z.y'
0|1|1|1 1 = x'.y.w.z
1|0|0|0 
1|0|0|1
1|0|1|0
1|0|1|1 1 = x.y'.w.z
1|1|0|0
1|1|0|1
1|1|1|1 1 = x.y.w.z

xy\wz|00|01|11|10
00   |  |1 |1 |
01   |  |  |1 |1
11   |  |  |1 |
10   |  |  |1 |

x'.y'.z + x'.y.w + x.w.z

b)
x|y|w|z
0|0|0|0 1 = x'.y'.w'.z'
0|0|0|1 
0|0|1|0 1 = x'.y'.w.z'
0|0|1|1	1 = x'.y'.w.z
0|1|0|0
0|1|0|1 1 = x'.y.w'.z
0|1|1|0 
0|1|1|1 
1|0|0|0 
1|0|0|1 1 = x.y'.w'.z
1|0|1|0
1|0|1|1 
1|1|0|0
1|1|0|1 1 = x.y.w'.z
1|1|1|0
1|1|1|1

xy\wz|00|01|11|10
00   |1 |  |1 |1
01   |  |1 |  |
11   |  |1 |  |
10   |  |1 |  |

x'.y'.z' + x'.y'.w + y.w'.z + x.w'.z

c) 
x|y|w|z
0|0|0|0 1 = x'.y'.w'.z'
0|0|0|1 1 = x'.y'.w'.z
0|0|1|0 1 = x'.y'.w.z'
0|0|1|1	1 = x'.y'.w.z
0|1|0|0
0|1|0|1 1 = x'.y.w'.z
0|1|1|0 
0|1|1|1 
1|0|0|0 1 = x.y'.w'.z'
1|0|0|1 
1|0|1|0 1 = x.y'.w.z'
1|0|1|1 
1|1|0|0 1 = x.y.w'.z'
1|1|0|1 
1|1|1|0
1|1|1|1

xy\wz|00|01|11|10
00   |1 |1 |1 |1
01   |  |1 |  |
11   |1 |  |  |
10   |  |  |  |1

x'.y'.z  + x'.w'.z + x'.y'.w + x.y.w'.z' + x.y'.w.z'

d)
x|y|w|z
0|0|0|0
0|0|0|1
0|0|1|0 1 = x'.y'.w.z'
0|0|1|1
0|1|0|0 1 = x'.y.w'.z'
0|1|0|1 1 = x'.y.w'.z
0|1|1|0 
0|1|1|1 
1|0|0|0 1 = x.y'.w'.z'
1|0|0|1 
1|0|1|0 1 = x.y'.w.z'
1|0|1|1 
1|1|0|0 1 = x.y.w'.z'
1|1|0|1 1 = x.y.w'.z
1|1|1|0
1|1|1|1

xy\wz|00|01|11|10
00   |  |  |  |1
01   |1 |1 |  |
11   |1 |1 |  |
10   |1 |  |  |1

x'.y.w' + x.y.w' + x.y'.z' + y'.w.z'

e)
x|y|w|z
0|0|0|0 1 = x'.y'.w'.z'
0|0|0|1 1 = x'.y'.w'.z
0|0|1|0 1 = x'.y'.w.z'
0|0|1|1
0|1|0|0 
0|1|0|1 
0|1|1|0 
0|1|1|1 1 = x'.y.w.z
1|0|0|0 
1|0|0|1 1 = x.y'.w'.z
1|0|1|0 
1|0|1|1 1 = x.y'.w.z
1|1|0|0 
1|1|0|1 1 = x.y.w'.z
1|1|1|0
1|1|1|1 1 = x.y.w.z

xy\wz|00|01|11|10
00   |1 |1 |  |1
01   |  |  |1 |
11   |  |1 |1 |
10   |  |1 |1 |

x'.y'.w' + x'.y'.z' + x.y.z + x.y'.z + y.w.z

4)
a)
x|y|w|z
0|0|0|0 
0|0|0|1 
0|0|1|0 0 = x+y+w'+z
0|0|1|1
0|1|0|0 
0|1|0|1 0 = x+y'+w+z' 
0|1|1|0 
0|1|1|1 0 = x+y'+w'+z'
1|0|0|0 
1|0|0|1 
1|0|1|0 0 = x'+w+y'+z
1|0|1|1 
1|1|0|0 
1|1|0|1 
1|1|1|0
1|1|1|1 

xy\wz|00|01|11|10
00   |  |  |  |0
01   |  |0 |0 |
11   |  |  |  |
10   |  |  |  |0

y+w'+z . x+w'+z'

b)
x|y|w|z
0|0|0|0 
0|0|0|1 
0|0|1|0 
0|0|1|1
0|1|0|0 0 = x+y'+w+z
0|1|0|1 
0|1|1|0 
0|1|1|1 
1|0|0|0 0 = x'+y+w+z
1|0|0|1 0 = x'+y+w+z'
1|0|1|0 
1|0|1|1 
1|1|0|0 0 = x'+y'+w+z
1|1|0|1 0 = x'+y'+w+z'
1|1|1|0
1|1|1|1

xy\wz|00|01|11|10
00   |  |  |  | 
01   |0 |  |  |
11   |0 |0 |  |
10   |0 |0 |  |

y'+w+z . x'+y'+w . x'+y+w

c)
x|y|w|z
0|0|0|0 
0|0|0|1 
0|0|1|0 
0|0|1|1
0|1|0|0 0 = x+y'+w+z
0|1|0|1 0 = x+y'+w+z'
0|1|1|0 
0|1|1|1 
1|0|0|0 
1|0|0|1 
1|0|1|0 
1|0|1|1 
1|1|0|0 
1|1|0|1 0 = x'+y'+w+z'
1|1|1|0 0 = x'+y'+w'+z
1|1|1|1 0 = x'+y'+w'+z'

xy\wz|00|01|11|10
00   |  |  |  | 
01   |0 |0 |  |
11   |  |0 |0 |0
10   |  |  |  |

x+y'+w . x'+y'+z' . x'+y'+w'

d)
x|y|w|z
0|0|0|0 
0|0|0|1 0 = x+y+w+z'
0|0|1|0 
0|0|1|1 0 = x+y+w'+z'
0|1|0|0 
0|1|0|1 
0|1|1|0 0 = x+y'+w'+z
0|1|1|1 0 = x+y'+w'+z'
1|0|0|0 
1|0|0|1 
1|0|1|0 
1|0|1|1 0 = x'+y+w'+z'
1|1|0|0 
1|1|0|1 
1|1|1|0 0 = x'+y'+w'+z
1|1|1|1 

xy\wz|00|01|11|10
00   |  |0 |0 | 
01   |  |  |0 |
11   |  |  |  |0
10   |  |  |0 |

x+y+z' . x+w'+z' . y+w'+z' . x'+y'+w'+z

e)
x|y|w|z
0|0|0|0 
0|0|0|1 
0|0|1|0 
0|0|1|1 
0|1|0|0 0 = x+y'+w+z
0|1|0|1 0 = x+y'+w+z'
0|1|1|0 0 = x+y'+w'+z
0|1|1|1 0 = x+y'+w'+z'
1|0|0|0 
1|0|0|1 
1|0|1|0 
1|0|1|1 
1|1|0|0 0 = x'+y'+w+z
1|1|0|1 
1|1|1|0 
1|1|1|1 0 = x'+y'+w'+z'

xy\wz|00|01|11|10
00   |  |  |  | 
01   |0 |0 |0 |0
11   |0 |  |0 |
10   |  |  |  |

y'+w+z . y'+w'+z' . x+y'+w . x+y'.w'
