127|46|235|48|108|183|203|37|55|245|12|26|31|106|176|167|92|57|209|23|49|139|203|247|132|206|103|140|170|222|247|170|14|99|218|249|27|38|31|210|28|170|236|59|148|157|99|240|86|180|
135|136|65|211|0|197|162|231|210|78|198|74|248|212|173|83|206|73|249|109|28|22|24|136|209|173|39|53|30|125|233|38|133|43|249|134|113|156|237|68|106|180|142|226|138|187|182|216|5|176|
71|33|198|222|170|24|12|81|77|43|78|183|81|84|98|75|90|211|103|72|151|82|252|165|53|7|98|235|96|103|156|167|9|227|6|51|123|19|4|73|189|82|1|142|38|226|89|128|55|192|
72|206|146|70|244|200|204|214|52|45|189|81|84|198|180|91|121|48|237|125|121|171|80|249|58|118|93|19|247|148|83|64|226|230|6|215|175|83|174|99|128|109|180|85|179|232|176|46|26|30|
43|19|201|123|141|131|242|234|150|106|127|233|42|98|208|176|186|0|4|232|227|4|213|152|89|10|2|137|183|28|167|226|174|240|95|60|116|209|166|138|60|38|117|102|9|197|150|67|70|154|
171|42|159|130|66|120|12|68|3|195|223|42|166|15|28|6|202|144|215|114|28|147|152|17|122|33|86|17|100|28|44|17|197|75|19|9|195|31|204|70|226|45|113|9|60|141|16|7|157|103|
248|57|123|146|74|245|51|33|134|24|61|178|168|4|253|59|140|194|90|216|136|188|6|249|69|193|135|85|73|38|61|66|95|184|84|42|46|136|202|180|32|135|104|200|11|229|4|151|40|221|
240|177|26|246|171|95|57|179|53|130|89|114|68|56|170|153|98|88|161|172|13|193|53|244|138|64|219|14|88|131|235|73|53|133|191|97|228|248|21|26|250|110|12|64|38|54|217|137|142|250|
181|28|188|234|17|198|44|108|212|4|240|64|77|165|197|140|7|170|6|28|69|1|10|81|192|49|8|26|58|150|21|239|50|209|91|195|152|7|175|109|11|160|173|215|198|242|100|205|158|106|
106|227|235|243|180|172|164|188|199|94|211|220|79|133|47|42|73|199|49|249|181|187|26|226|147|224|214|119|47|244|98|153|88|78|13|13|250|178|74|66|17|157|32|223|35|206|137|236|150|186|
230|203|118|128|175|137|225|6|2|17|250|100|42|210|50|55|95|172|105|169|239|123|198|143|218|106|94|101|87|116|159|189|65|150|189|112|32|159|245|161|176|112|6|218|67|183|146|162|101|251|
204|85|246|147|228|210|125|67|183|84|183|87|145|120|237|80|232|15|239|222|48|33|79|55|251|18|238|142|181|84|11|130|41|2|149|14|212|147|208|12|231|9|100|249|1|209|74|106|96|185|
73|145|218|25|72|87|43|55|101|96|12|112|98|180|115|248|67|199|12|20|212|115|156|184|109|30|138|55|136|235|241|81|252|76|106|69|35|22|251|137|245|135|121|89|61|108|209|128|180|221|
20|9|81|49|193|63|79|203|118|215|55|104|41|52|53|20|121|88|169|118|97|159|253|219|248|186|72|74|59|124|40|207|133|249|1|71|57|80|147|175|40|202|152|208|127|77|228|120|165|142|
110|8|47|236|99|167|167|43|114|99|168|154|51|46|20|52|245|77|4|137|125|171|211|149|124|83|226|225|204|136|112|186|16|31|167|115|71|80|159|185|51|72|211|102|245|232|26|235|181|30|
117|178|73|74|72|69|29|43|39|105|52|24|37|68|182|204|56|253|156|87|55|207|31|139|54|21|243|207|2|169|237|119|220|182|65|37|252|222|208|36|72|5|187|109|200|115|186|128|113|87|
215|41|167|246|180|221|140|168|46|142|82|155|133|174|83|71|212|80|38|165|243|110|42|176|220|114|36|23|243|21|110|75|62|22|67|242|116|207|155|34|221|110|189|99|29|17|170|113|224|208|
150|213|191|192|6|28|179|42|51|167|63|33|242|253|183|181|240|171|5|13|205|226|123|139|198|24|157|113|138|126|194|160|211|2|98|217|30|149|131|81|61|67|241|175|65|169|102|177|85|107|
190|35|206|185|175|149|82|204|134|92|75|200|252|159|202|222|248|104|116|125|185|49|64|172|225|1|213|199|178|44|178|241|79|129|43|254|150|125|203|30|89|151|102|87|182|50|181|175|154|170|
45|212|219|236|1|61|237|214|5|161|3|56|19|210|57|62|209|208|60|30|110|21|53|212|108|235|134|162|155|34|77|73|118|41|54|119|103|37|205|235|70|81|36|89|36|221|23|117|174|210|
147|29|232|72|113|212|52|248|119|208|27|68|153|17|110|207|8|85|116|213|192|58|166|101|147|202|67|43|65|113|253|84|142|102|157|0|60|209|120|51|34|19|120|187|36|102|12|44|59|128|
130|123|187|41|224|206|116|163|121|181|21|247|137|35|94|166|163|26|121|28|205|27|48|70|87|84|44|99|1|230|99|3|98|31|171|195|110|32|230|103|85|252|95|223|32|62|134|67|88|127|
96|38|27|144|235|114|100|151|213|228|253|57|103|97|216|20|164|198|52|139|46|138|8|142|106|168|204|112|235|164|112|76|75|139|92|182|253|65|79|83|165|77|140|14|46|228|34|82|171|86|
222|218|224|230|105|202|143|181|60|124|90|44|72|165|183|165|93|53|102|44|136|12|248|21|26|40|122|60|122|38|147|216|1|243|64|233|191|207|159|123|203|122|167|148|159|222|185|124|20|32|
168|156|44|162|49|198|74|171|130|68|210|149|30|83|138|94|62|201|173|93|196|249|215|235|142|247|202|199|116|222|231|30|250|147|64|44|217|138|88|93|78|43|242|108|253|252|74|60|198|120|
26|139|241|113|246|0|105|193|199|222|32|47|252|27|194|188|199|29|198|32|122|21|75|236|2|73|234|203|6|177|195|32|189|181|145|180|181|251|246|125|90|23|172|214|178|239|147|122|140|90|
154|7|238|101|243|112|174|222|61|52|17|1|211|206|183|229|3|236|97|249|234|187|145|151|146|68|7|165|190|147|127|89|26|110|190|142|223|236|109|156|161|253|29|117|76|84|218|80|66|60|
201|45|247|218|68|10|31|203|175|93|222|47|182|249|30|244|136|125|98|117|26|4|116|182|248|192|12|212|144|78|17|91|250|137|54|63|19|213|138|195|51|106|114|106|227|144|95|108|14|65|
97|167|69|213|95|190|151|107|19|167|57|163|3|179|45|185|242|192|143|253|132|66|104|118|172|76|135|140|56|149|205|153|189|147|239|156|82|7|135|101|174|192|136|50|243|54|235|102|246|250|
100|250|61|204|113|106|152|248|246|80|15|68|234|76|215|218|232|169|225|112|142|16|176|24|66|164|78|46|11|69|168|112|64|102|188|49|80|213|43|71|38|185|139|17|6|227|107|238|141|204|
222|29|221|15|180|32|179|3|206|62|199|246|46|135|220|235|184|45|65|99|116|103|156|128|248|162|100|227|17|113|177|111|14|15|126|194|174|50|69|252|240|13|244|31|148|81|138|205|127|203|
49|115|52|206|243|172|240|215|144|3|201|66|114|215|208|113|155|128|35|96|252|20|110|113|179|130|195|62|80|67|11|2|182|190|80|43|107|65|3|251|195|76|190|182|37|15|40|64|15|75|
160|13|223|142|126|147|18|193|209|225|5|92|227|60|154|52|103|6|118|233|130|185|55|192|112|219|207|152|28|95|100|188|108|68|203|106|87|221|45|41|63|177|6|36|237|160|215|212|39|205|
63|169|136|118|233|248|209|57|18|237|152|118|42|5|58|245|239|145|83|29|58|147|206|191|55|61|97|15|18|136|221|81|177|102|71|27|222|25|84|240|134|109|230|177|241|160|39|225|177|250|
126|236|14|78|172|69|139|141|84|29|149|177|111|71|24|182|225|119|80|182|104|214|36|207|8|22|112|175|120|35|170|246|143|184|69|187|125|80|201|209|110|95|132|93|39|28|20|9|147|227|
191|124|187|99|76|67|122|60|242|242|222|29|233|110|213|175|170|83|127|116|165|237|83|169|75|122|69|223|4|89|195|67|213|254|167|161|67|34|93|181|148|61|211|253|43|41|45|85|252|173|
201|34|27|157|203|230|24|144|198|155|233|10|223|63|137|135|96|76|169|190|129|189|123|85|187|38|254|233|124|251|23|197|30|50|99|105|25|251|121|95|151|227|233|119|35|242|254|4|63|40|
66|192|229|61|150|34|99|149|139|223|17|162|166|47|84|10|24|237|6|145|77|158|117|182|22|25|169|149|156|104|189|222|169|164|28|191|70|127|85|209|223|102|116|134|21|200|144|172|182|23|
62|132|53|52|186|202|204|228|96|105|204|31|72|245|67|227|181|137|226|138|91|194|112|79|73|133|151|90|177|206|240|240|210|38|164|141|112|113|241|209|218|191|112|162|181|179|6|108|188|232|
118|151|44|231|230|244|236|253|206|159|204|191|16|159|101|180|173|214|38|159|40|128|95|152|162|149|203|168|129|136|17|247|159|61|223|6|51|205|4|2|109|81|66|125|112|39|177|30|125|215|
62|165|215|29|62|122|178|137|162|52|145|179|172|49|241|140|55|164|217|187|38|198|13|231|68|125|16|117|28|141|204|90|179|164|246|241|158|42|251|65|221|141|245|138|63|103|24|118|139|113|
50|49|57|63|26|252|61|169|115|89|182|64|51|106|101|42|220|4|84|216|70|51|229|187|189|37|162|85|156|46|199|78|222|1|14|120|125|75|34|240|36|89|177|87|195|23|1|160|27|86|
248|224|9|223|28|198|5|190|156|33|108|100|239|203|228|125|68|98|72|230|211|108|64|133|67|4|156|68|37|55|154|30|152|163|125|180|234|131|243|135|36|223|107|147|43|207|17|112|177|89|
87|133|69|151|138|136|27|166|205|64|222|104|222|246|140|92|43|246|223|158|126|132|127|105|24|42|57|169|154|234|3|113|240|73|136|123|81|164|162|31|228|1|8|195|247|148|33|35|11|128|
194|137|132|193|242|29|235|171|198|7|22|73|120|7|18|2|3|100|38|37|131|11|38|11|79|30|31|239|192|42|239|131|179|244|196|38|18|49|81|88|183|104|161|175|238|52|177|113|152|87|
150|155|226|188|167|50|218|198|161|156|113|17|159|37|6|228|203|24|149|29|239|77|5|18|252|244|70|47|102|94|134|253|121|105|186|33|27|22|104|60|50|217|78|81|126|84|54|201|236|75|
103|220|152|108|238|22|97|180|69|200|19|75|70|141|53|128|46|80|150|22|13|72|111|91|154|110|175|80|56|28|156|159|249|180|13|104|202|110|30|143|182|49|219|124|62|144|253|236|224|20|
3|109|93|115|200|247|225|248|199|153|21|227|58|15|153|198|247|227|180|22|116|235|198|207|104|6|96|102|114|192|123|117|47|216|104|247|80|201|240|151|100|7|124|30|149|22|100|141|249|25|
35|237|5|234|189|237|112|30|84|226|223|207|215|15|40|65|134|247|138|120|144|238|254|13|140|20|162|112|34|28|138|69|138|15|175|72|252|32|230|209|130|198|33|91|85|201|156|91|193|39|
83|209|150|209|94|162|230|1|20|136|157|30|77|40|172|253|239|42|157|214|251|33|29|156|124|241|102|152|78|41|63|161|250|85|116|90|120|218|218|12|99|247|42|176|159|86|46|144|128|204|
