Version 0.9.7
5
 4 10 175 77 128 0 1
 5 80 400 206 81 2 2
 0 110 110 877 276 8 3
 3 186 404 203 58 140 4
 1 409 401 206 81 149 5
 0
25
 255 5 71 189 71 189 71 189 71 124 163 124 163 124 0 1 0 3
 255 5 930 124 930 124 930 124 930 137 930 137 930 137 0 3 0 3
 65793 5 71 288 71 288 71 371 71 371 163 371 163 371 0 1 0 3
 65793 5 930 371 930 371 930 371 930 358 930 358 930 358 0 3 0 3
 255 5 424 412 424 387 990 387 990 146 917 146 917 137 0 5 0 3
 65793 5 197 441 197 441 176 441 176 441 176 371 176 371 0 4 0 3
 65793 5 424 470 424 470 393 470 393 371 397 371 397 371 0 5 0 3
 255 5 215 137 215 137 215 137 215 176 215 176 215 176 0 3 0 3
 255 5 306 137 306 137 306 137 306 176 306 176 306 176 0 3 0 3
 0 5 293 358 293 358 293 358 293 319 293 319 293 319 0 3 0 3
 0 5 384 319 384 319 384 319 384 358 384 358 384 358 0 3 0 3
 255 5 397 137 397 137 397 137 397 176 397 176 397 176 0 3 0 3
 65793 5 475 319 475 319 475 319 475 358 475 358 475 358 0 3 0 3
 4227072 5 465 412 465 412 465 326 306 326 306 319 306 319 0 5 0 3
 4227072 5 465 425 465 425 465 388 215 388 215 319 215 319 0 5 0 3
 16711680 5 484 412 484 412 484 333 319 333 319 319 319 319 0 5 0 3
 16711680 5 484 425 484 425 484 381 228 381 228 319 228 319 0 5 0 3
 16744703 5 241 319 241 319 241 345 397 345 397 319 397 319 0 3 0 3
 8388863 5 503 412 503 412 503 357 254 357 254 319 254 319 0 5 0 3
 8388863 5 503 425 503 425 503 351 345 351 345 319 345 319 0 5 0 3
 16744703 5 332 319 332 319 332 338 267 338 267 319 267 319 0 3 0 3
 16744703 5 332 306 332 306 332 306 358 306 358 306 358 306 0 3 0 3
 8388672 5 371 319 371 319 371 448 371 448 372 448 372 448 0 3 0 4
 8388672 5 280 319 280 319 280 312 410 312 410 319 410 319 0 3 0 3
 16744448 5 423 319 423 319 423 455 352 455 352 448 352 448 0 3 0 4
3
 7008 1 14 209 228 5 0 0 2636 3
 7086 1 14 300 228 5 0 0 2636 3
 7032 1 14 391 228 5 0 0 2636 3
