Version 0.9.7
6
 4 691 291 77 128 0 1
 5 80 400 206 81 2 2
 0 889 221 877 276 8 3
 1 1004 512 206 81 140 4
 1 1076 129 206 81 150 5
 3 1229 517 203 58 160 6
 0
31
 255 5 752 305 752 305 752 235 752 235 942 235 942 235 0 1 0 3
 255 5 1709 235 1709 235 1709 235 1709 248 1709 248 1709 248 0 3 0 3
 65793 5 752 404 752 404 752 482 752 482 942 482 942 482 0 1 0 3
 65793 5 1709 469 1709 469 1709 469 1709 482 1709 482 1709 482 0 3 0 3
 65793 5 1254 430 1254 430 1254 430 1254 469 1254 469 1254 469 0 3 0 3
 255 5 1111 287 1111 287 1111 287 1111 248 1111 248 1111 248 0 3 0 3
 255 5 942 248 942 248 916 248 916 248 916 287 916 287 0 3 0 3
 255 5 916 339 916 339 916 339 916 378 916 378 916 378 0 3 0 3
 255 5 916 430 916 430 916 523 916 523 1019 523 1019 523 0 3 0 4
 0 5 955 482 955 482 955 581 955 581 1019 581 1019 581 0 3 0 4
 8454016 5 1193 523 1193 523 1193 502 1176 502 1176 430 1176 430 0 4 0 3
 8454016 5 1174 523 1174 523 1174 506 1163 506 1163 430 1163 430 0 4 0 3
 8454016 5 1155 523 1155 523 1155 509 1150 509 1150 430 1150 430 0 4 0 3
 8454016 5 1136 523 1136 523 1136 430 1136 430 1137 430 1137 430 0 4 0 3
 65793 5 942 469 942 469 929 469 929 469 929 430 929 430 0 3 0 3
 65793 5 929 378 929 378 929 378 929 339 929 339 929 339 0 3 0 3
 65793 5 929 287 929 287 929 198 929 198 1091 198 1091 198 0 3 0 5
 255 5 994 235 994 235 994 140 994 140 1091 140 1091 140 0 3 0 5
 16744448 5 1227 140 1227 164 1295 164 1295 269 1163 269 1163 287 0 5 0 3
 16744448 5 1208 140 1208 169 1302 169 1302 273 1189 273 1189 287 0 5 0 3
 4227327 5 1151 153 1151 153 1309 153 1309 278 1150 278 1150 287 0 5 0 3
 4227327 5 1132 153 1132 153 1314 153 1314 282 1176 282 1176 287 0 5 0 3
 16711935 5 1315 561 1319 561 1319 449 1228 449 1228 430 1228 430 0 6 0 3
 16711935 5 1295 561 1295 561 1298 561 1298 458 1241 458 1241 430 0 6 0 3
 16711935 5 1275 561 1275 561 1275 561 1254 561 1254 326 1254 326 0 6 0 3
 0 5 1241 482 1241 482 1241 554 1241 554 1240 554 1240 554 0 3 0 6
 33023 5 1170 140 1170 140 1124 140 1124 140 1124 287 1124 287 0 5 0 3
 16711935 5 1335 561 1335 561 1335 440 1215 440 1215 430 1215 430 0 6 0 3
 33023 5 1189 140 1189 140 1124 140 1124 140 1124 391 1124 391 0 5 0 3
 12615680 5 1246 140 1246 140 1246 264 1137 264 1137 287 1137 287 0 5 0 3
 12615680 5 1265 140 1265 140 1111 140 1111 140 1111 391 1111 391 0 5 0 3
1
 7181 1 24 1105 339 5 0 0 9144 3
