Teorico 7

4.c exercicio)

12|4|8|2|14|17|6|18|10|16|15|5|13|9|1|11|7|3
0 |1|2|3|0 |1 |2|3 |0 |1 |2 |3|0 |1|2|3 |0|1

12|14|10|13|7

12 > 14 = 0

12|14|10|13|7

14 > 10 = 1,12 > 10 = 1

10|12|14|13|7

14 > 13 = 1, 12 > 13 = 0

10|12|13|14|7

14 > 7 = 1,13 > 7 = 1,12 >7 = 1,10 > 7 = 1

7|10|12|13|14 - ordenado 0

4|17|16|9|3

4 > 17 = 0

4|17|16|9|3

17 > 16 = 1, 4 > 16 = 0

4|16|17|9|3

17 > 9 = 1, 16 > 9 = 1, 4 > 9 = 0

4|9|16|17|3

17 > 3 = 1,16 > 3 = 1, 9 > 3 = 1, 4 > 3 = 1

3|4|9|16|17 - ordenado 1

8|6|15|1

8 > 6 = 1

6|8|15|1

8 > 15 = 0

6|8|15|1

15 > 1 = 1, 8 > 1 = 1, 6 > 1 = 1

1|6|8|15 - ordenado 2

2|18|5|11

2 > 18 = 0

2|18|5|11

18 > 5 = 1, 2 > 5 = 0

2|5|18|11

18 > 11 = 1, 5 > 11 = 0

2|5|11|18 - ordenado 3

7|3|1|2|10|4|6|5|12|9|8|11|13|16|15|18|14|17 - Array
0|1|0|1|0 |1|0|1|0 |1|0|1 |0 |1 |0 |1 |0 |1

7|1|10|6|12|8|13|15|14 - 0

7 > 1 = 1

1|7|10|6|12|8|13|15|14

7 > 10 = 0

1|7|10|6|12|8|13|15|14

10 > 6 = 1, 7 > 6 = 1, 1 > 6 = 0

1|6|7|10|12|8|13|15|14

10 > 12 = 0

1|6|7|10|12|8|13|15|14

12 > 8 = 1,10 > 8 = 1, 7 > 8 = 0

1|6|7|8|10|12|13|15|14

12 > 13 = 0;

1|6|7|8|10|12|13|15|14

13 > 15 = 0

1|6|7|8|10|12|13|15|14

15 > 14 = 1, 13 > 14 = 0

1|6|7|8|10|12|13|14|15 - ordenado 0

3|2|4|5|9|11|16|18|17 - 1

3 > 2 = 1 

2|3|4|5|9|11|16|18|17

3 > 4 = 0

2|3|4|5|9|11|16|18|17

4 > 5 = 0

2|3|4|5|9|11|16|18|17

5 > 9 = 0

2|3|4|5|9|11|16|18|17

9 > 11 = 0

2|3|4|5|9|11|16|18|17

11 > 16 = 0

2|3|4|5|9|11|16|18|17

16 > 18 = 0

2|3|4|5|9|11|16|18|17

18 > 17 = 1, 16 > 17 = 0

2|3|4|5|9|11|16|17|18 - ordenado 1

1|2|6|3|7|4|8|5|10|9|12|11|13|16|14|17|15|18 - Array

1 > 2 = 0

1|2|6|3|7|4|8|5|10|9|12|11|13|16|14|17|15|18

2 > 6 = 0

1|2|6|3|7|4|8|5|10|9|12|11|13|16|14|17|15|18

6 > 3 = 1, 2 > 3 = 0

1|2|3|6|7|4|8|5|10|9|12|11|13|16|14|17|15|18

6 > 7 = 0


1|2|3|6|7|4|8|5|10|9|12|11|13|16|14|17|15|18

7 > 4 = 1, 6 > 4 = 1, 3 > 4 = 0

1|2|3|4|6|7|8|5|10|9|12|11|13|16|14|17|15|18

7 > 8 = 0

1|2|3|4|6|7|8|5|10|9|12|11|13|16|14|17|15|18

8 > 5 = 1, 7 > 5 = 1, 6 > 5 = 1,4 > 5 = 0

1|2|3|4|5|6|7|8|10|9|12|11|13|16|14|17|15|18

8 > 10 = 0

1|2|3|4|5|6|7|8|10|9|12|11|13|16|14|17|15|18

10 > 9 = 1, 8 > 9 = 0

1|2|3|4|5|6|7|8|9|10|12|11|13|16|14|17|15|18

10 > 12 = 0

1|2|3|4|5|6|7|8|9|10|12|11|13|16|14|17|15|18

12 > 11 = 1,10 > 11 = 0

1|2|3|4|5|6|7|8|9|10|11|12|13|16|14|17|15|18

12 > 13 = 0

1|2|3|4|5|6|7|8|9|10|11|12|13|16|14|17|15|18

13 > 16 = 0

1|2|3|4|5|6|7|8|9|10|11|12|13|16|14|17|15|18

16 > 14 = 1, 13 > 14 = 0

1|2|3|4|5|6|7|8|9|10|11|12|13|14|16|17|15|18

16 > 17 = 0

1|2|3|4|5|6|7|8|9|10|11|12|13|14|16|17|15|18

17 > 15 = 1, 16 > 15 = 1, 14 > 15 = 0

1|2|3|4|5|6|7|8|9|10|11|12|13|14|15|16|17|18

17 > 18 = 0

1|2|3|4|5|6|7|8|9|10|11|12|13|14|15|16|17|18

4.g exercicio resolvido 1)Não terminou pois devemos subtrair um valor da posição 2 do vetor

Exercicio Resolvido 2)0|1|2|3|4|5|6|7|8|9|10|11|12|13|14|15|16|17|18

0|0|1|2|3|4|5|6|7|8|9|10|11|12|13|14|15|16|17

Exercicio Resolvido 3)Nao pois nao ha como subtrair um valor de uma string

Exercicio Resolvido 4)Nao pois nao conseguimos indentificar uma possicao do array com um valor real

Exercicio) 12|4|8|2|14|17|6|18|10|16|15|5|13|9|1|11|7|3


	0|1|2|3|4|5|6|7|8|9|10|11|12|13|14|15|16|17|18
	0|1|2|3|4|5|6|7|8|9|10|11|12|13|14|15|16|17|18

0|0|3...

	0|1|2|3|4|5|6|7|8|9|10|11|12|13|14|15|16|17|18
	0|1|2|2|4|5|6|7|8|9|10|11|12|13|14|15|16|17|18

0|0|3|0|0|0|7...

	0|1|2|3|4|5|6|7|8|9|10|11|12|13|14|15|16|17|18
	0|1|2|2|4|5|6|6|8|9|10|11|12|13|14|15|16|17|18

0|0|3|0|0|0|7|0|0|0|11...

	0|1|2|3|4|5|6|7|8|9|10|11|12|13|14|15|16|17|18
	0|1|2|2|4|5|6|6|8|9|10|10|12|13|14|15|16|17|18

1|0|3|0|0|0|7|0|0|0|11...

	0|1|2|3|4|5|6|7|8|9|10|11|12|13|14|15|16|17|18
	0|0|2|2|4|5|6|6|8|9|10|10|12|13|14|15|16|17|18

1|0|3|0|0|0|7|0|9|0|11...

	0|1|2|3|4|5|6|7|8|9|10|11|12|13|14|15|16|17|18
	0|0|2|2|4|5|6|6|8|8|10|10|12|13|14|15|16|17|18

1|0|3|0|0|0|7|0|9|0|11|0|13|...

	0|1|2|3|4|5|6|7|8|9|10|11|12|13|14|15|16|17|18
	0|0|2|2|4|5|6|6|8|8|10|10|12|12|14|15|16|17|18

1|0|3|0|5|0|7|0|9|0|11|0|13|...

	0|1|2|3|4|5|6|7|8|9|10|11|12|13|14|15|16|17|18
	0|0|2|2|4|4|6|6|8|8|10|10|12|12|14|15|16|17|18

1|0|3|0|5|0|7|0|9|0|11|0|13|0|15|..

	0|1|2|3|4|5|6|7|8|9|10|11|12|13|14|15|16|17|18
	0|0|2|2|4|4|6|6|8|8|10|10|12|12|14|14|15|17|18

1|0|3|0|5|0|7|0|9|0|11|0|13|0|15|16|...

	0|1|2|3|4|5|6|7|8|9|10|11|12|13|14|15|16|17|18
	0|0|2|2|4|4|6|6|8|8|10|10|12|12|14|14|15|17|18

1|0|3|0|5|0|7|0|9|10|11|0|13|0|15|16|...

	0|1|2|3|4|5|6|7|8|9|10|11|12|13|14|15|16|17|18
	0|0|2|2|4|4|6|6|8|8|10|10|12|12|14|14|15|17|18

1|0|3|0|5|0|7|0|9|10|11|0|13|0|15|16|0|18

	0|1|2|3|4|5|6|7|8|9|10|11|12|13|14|15|16|17|18
	0|0|2|2|4|4|6|6|8|8|10|10|12|12|14|14|15|17|17

1|0|3|0|5|6|7|0|9|10|11|0|13|0|15|16|0|18

	0|1|2|3|4|5|6|7|8|9|10|11|12|13|14|15|16|17|18
	0|0|2|2|4|4|5|6|8|8|10|10|12|12|14|14|15|17|17

1|0|3|0|5|6|7|0|9|10|11|0|13|0|15|16|17|18

	0|1|2|3|4|5|6|7|8|9|10|11|12|13|14|15|16|17|18
	0|0|2|2|4|4|5|6|8|8|10|10|12|12|14|14|15|16|17

1|0|3|0|5|6|7|0|9|10|11|0|13|14|15|16|17|18

	0|1|2|3|4|5|6|7|8|9|10|11|12|13|14|15|16|17|18
	0|0|2|2|4|4|5|6|8|8|10|10|12|12|13|14|15|16|17

1|2|3|0|5|6|7|0|9|10|11|0|13|14|15|16|17|18

	0|1|2|3|4|5|6|7|8|9|10|11|12|13|14|15|16|17|18
	0|0|1|2|4|4|5|6|8|8|10|10|12|12|13|14|15|16|17

1|2|3|0|5|6|7|8|9|10|11|0|13|14|15|16|17|18

	0|1|2|3|4|5|6|7|8|9|10|11|12|13|14|15|16|17|18
	0|0|1|2|4|4|5|6|8|8|10|10|12|12|13|14|15|16|17

1|2|3|0|5|6|7|8|9|10|11|0|13|14|15|16|17|18

	0|1|2|3|4|5|6|7|8|9|10|11|12|13|14|15|16|17|18
	0|0|1|2|4|4|5|6|7|8|10|10|12|12|13|14|15|16|17

1|2|3|4|5|6|7|8|9|10|11|0|13|14|15|16|17|18

	0|1|2|3|4|5|6|7|8|9|10|11|12|13|14|15|16|17|18
	0|0|1|2|3|4|5|6|7|8|10|10|12|12|13|14|15|16|17

1|2|3|4|5|6|7|8|9|10|11|12|13|14|15|16|17|18

	0|1|2|3|4|5|6|7|8|9|10|11|12|13|14|15|16|17|18
	0|0|1|2|3|4|5|6|7|8|10|10|11|12|13|14|15|16|17