Version 0.9.7
6
 4 410 341 77 128 0 1
 5 80 400 206 81 2 2
 0 668 246 877 276 8 3
 3 1153 590 203 58 144 4
 1 849 583 206 81 153 5
 6 827 69 449 130 163 6
 0
40
 255 5 471 355 471 355 471 355 471 260 721 260 721 260 0 1 0 3
 255 5 1488 260 1488 260 1488 260 1488 273 1488 273 1488 273 0 3 0 3
 0 5 471 454 471 454 471 507 471 507 721 507 721 507 0 1 0 3
 0 5 1488 507 1488 507 1488 507 1488 494 1488 494 1488 494 0 3 0 3
 255 5 734 260 734 260 734 96 734 96 843 96 843 96 0 3 0 6
 255 5 864 594 864 525 492 525 492 368 471 368 471 368 0 5 0 1
 0 5 1164 627 1164 627 1137 627 1137 627 1137 507 1137 507 0 4 0 3
 0 5 1215 494 1215 494 1215 494 1215 455 1215 455 1215 455 0 3 0 3
 16711808 5 929 455 929 455 929 465 1124 465 1124 455 1124 455 0 3 0 3
 255 5 1124 312 1124 312 1124 312 1124 273 1124 273 1124 273 0 3 0 3
 0 5 1020 455 1020 455 1020 455 1020 494 1020 494 1020 494 0 3 0 3
 255 5 929 312 929 312 929 312 929 273 929 273 929 273 0 3 0 3
 16711808 5 968 455 968 455 968 472 1202 472 1202 455 1202 455 0 3 0 3
 16711808 5 968 351 968 351 968 387 1137 387 1137 416 1137 416 0 3 0 3
 16711808 5 1007 351 1007 351 1007 381 1189 381 1189 416 1189 416 0 3 0 3
 12615935 5 1038 594 1038 594 1038 525 981 525 981 455 981 455 0 5 0 3
 12615935 5 1038 607 1128 607 1128 656 1339 656 1339 634 1339 634 0 5 0 4
 15125759 5 1019 594 1019 594 1019 532 955 532 955 455 955 455 0 5 0 3
 15125759 5 1019 607 1120 607 1120 663 1319 663 1319 634 1319 634 0 5 0 4
 11295231 5 1000 594 1000 580 1026 580 1026 372 955 372 955 351 0 5 0 3
 11295231 5 1000 607 1111 607 1111 670 1299 670 1299 634 1299 634 0 5 0 4
 8653311 5 981 594 981 573 1040 573 1040 395 981 395 981 351 0 5 0 3
 8653311 5 981 607 1101 607 1101 677 1279 677 1279 634 1279 634 0 5 0 4
 14483385 5 962 594 962 594 962 569 994 569 994 455 994 455 0 5 0 3
 14483385 5 962 607 1091 607 1091 685 1259 685 1259 634 1259 634 0 5 0 4
 11796326 5 943 594 943 594 942 594 942 594 942 455 942 455 0 5 0 3
 11796326 5 943 607 1081 607 1081 693 1239 693 1239 634 1239 634 0 5 0 4
 8190208 5 924 594 924 594 924 372 942 372 942 351 942 351 0 5 0 3
 8190208 5 924 607 1071 607 1071 703 1219 703 1219 634 1219 634 0 5 0 4
 5548032 5 905 594 905 594 905 405 994 405 994 351 994 351 0 5 0 3
 5548032 5 905 607 1061 607 1061 716 1199 716 1199 634 1199 634 0 5 0 4
 65793 5 864 652 864 652 825 652 825 652 825 507 825 507 0 5 0 3
 12189695 5 1163 312 1163 312 1163 286 1176 286 1176 192 1176 192 0 3 0 6
 5373951 5 1189 192 1189 192 1189 290 1176 290 1176 312 1176 312 0 6 0 3
 62194 5 1189 312 1189 312 1189 294 1202 294 1202 192 1202 192 0 3 0 6
 47031 5 1202 312 1202 312 1202 301 1215 301 1215 192 1215 192 0 3 0 6
 16777156 5 1215 312 1215 312 1215 304 1228 304 1228 192 1228 192 0 3 0 6
 16777041 5 1137 312 1137 312 1137 204 1241 204 1241 192 1241 192 0 3 0 6
 13421568 5 1150 312 1150 312 1150 214 1254 214 1254 192 1254 192 0 3 0 6
 65793 5 1007 494 1007 494 1007 494 1007 455 1007 455 1007 455 0 3 0 3
2
 7047 1 16 1118 364 5 0 0 18940 3
 7283 1 16 923 364 5 0 0 18940 3
