Version 0.9.7
5
 4 492 185 77 128 0 1
 5 80 400 206 81 2 2
 0 644 119 877 276 8 3
 1 908 29 206 81 140 4
 3 699 414 203 58 150 5
 0
32
 255 5 553 199 553 199 553 133 553 133 697 133 697 133 0 1 0 3
 255 5 1464 133 1464 133 1464 133 1464 146 1464 146 1464 146 0 3 0 3
 0 5 1009 328 1009 328 1009 328 1009 367 1009 367 1009 367 0 3 0 3
 0 5 996 328 996 328 996 328 996 367 996 367 996 367 0 3 0 3
 255 5 923 40 923 40 892 40 892 40 892 133 892 133 0 4 0 3
 0 5 553 298 553 298 553 380 553 380 697 380 697 380 0 1 0 3
 255 5 918 146 918 146 918 146 918 185 918 185 918 185 0 3 0 3
 65793 5 710 380 710 380 710 380 710 451 710 451 710 451 0 3 0 5
 65793 5 1464 367 1464 367 1490 367 1490 367 1490 328 1490 328 0 3 0 3
 65793 5 1451 380 1451 380 1451 380 1451 367 1451 367 1451 367 0 3 0 3
 65793 5 1490 276 1490 276 1490 276 1490 237 1490 237 1490 237 0 3 0 3
 65793 5 1490 185 1490 185 1490 112 923 112 923 98 923 98 0 3 0 4
 255 5 697 146 697 146 697 146 671 146 671 185 671 185 0 3 0 3
 255 5 671 237 671 237 671 237 671 276 671 276 671 276 0 3 0 3
 0 5 957 328 957 328 957 328 957 367 957 367 957 367 0 3 0 3
 255 5 1152 146 1152 146 1152 146 1152 185 1152 185 1152 185 0 3 0 3
 0 5 1230 328 1230 328 1230 328 1230 367 1230 367 1230 367 0 3 0 3
 16741818 5 1097 53 1097 53 1477 53 1477 53 1477 185 1477 185 0 4 0 3
 16741818 5 1477 237 1477 237 1477 237 1477 276 1477 276 1477 276 0 3 0 3
 16741818 5 1477 289 1477 289 1477 281 1152 281 1152 289 1152 289 0 3 0 3
 128 5 1165 328 1165 328 1165 338 944 338 944 328 944 328 0 3 0 3
 16733097 5 1477 302 1477 302 1477 303 931 303 931 315 931 315 0 3 0 3
 255 5 671 328 671 328 671 338 918 338 918 328 918 328 0 3 0 3
 255 5 918 198 918 198 918 198 957 198 957 198 957 198 0 3 0 3
 0 5 1490 224 1490 224 1490 253 972 253 972 224 970 224 0 3 0 3
 8453888 5 970 328 970 328 970 399 909 399 909 458 885 458 0 3 0 5
 4028672 5 983 328 983 328 983 495 745 495 745 458 745 458 0 3 0 5
 9803008 5 983 40 983 15 1150 15 1150 168 996 168 996 185 0 4 0 3
 16743870 5 1477 224 1477 224 1477 246 931 246 931 224 931 224 0 3 0 3
 16743870 5 931 211 931 211 931 211 944 211 944 211 944 211 0 3 0 3
 16776960 5 964 40 964 4 1157 4 1157 173 1009 173 1009 185 0 4 0 3
 16711808 5 1078 40 1078 21 1142 21 1142 161 983 161 983 185 0 4 0 3
2
 7151 1 16 912 237 5 0 0 17812 3
 7004 1 14 1146 237 5 0 0 17812 3
